10 10
43-7i   0       67      0       0       0       0       0       0       7896-67.2i
0       0       0       0       0       0       0       0       0       0
0       0       0       0       0       0       0       0       0       0
0       0       0       -76i    0       0       0       0       0       0
0       0       0       0       0       0       0       0       0       0
678+87i 0       0       0       0       0       65-78i  0       0       0
0       0       0       0       0       0       0       0       0       0
0       0       0       0       0       0       0       0       -78+7i  0
0       0       0       -7853   0       0       0       0       0       0
0       0       0       0       0       0       0       0       0       0